0 -0.28 0.54 1.27 0.06 1.58 1.46 1.88 2.86 0.48 2 -2.78 -2.71 -1.85
0 -0.26 0.02 -0.67 0.2 -0.15 0.84 0.62 -1.06 0.22 1.21 -3.07 -2.09 -1.4
0 -0.61 -0.01 -0.05 -0.85 -0.04 0.85 0.11 -0.07 0.36 0.07 -1.19 -0.52 -1.48
0 -0.67 -2.26 0.45 0.16 0.43 0.12 -0.37 -0.57 -1.93 -0.43 0.46 -1.22 -0.26
0 -0.35 -1.05 0.22 0.57 -0.63 0.14 -0.36 0.36 1.14 -0.06 -2.39 -1.63 2.26
0 1.85 -0.9 0.97 -0.19 0.86 -0.47 1.23 0.99 0.46 -0.11 0.37 -0.57 -1.47
0 0.26 -1.17 -2.22 0.15 0.8 2.68 1.7 2.59 0.65 1.43 -0.95 -2.49 -0.71
0 0.77 -0.52 1.02 -0.93 1.82 3.45 0.99 1.05 0.75 0.36 -0.28 0.34 0.8
0 -0.9 -1.58 -2.21 -0.08 1.12 1.4 -0.21 -0.1 -0.33 -0.86 0.25 -0.33 -0.6
0 -0.05 0.77 0.09 -0.14 0.57 -0.99 -0.03 0.75 2.66 -0.31 -0.51 0.66 -0.45
0 -1.49 -0.65 0.3 0.48 -0.61 -2.23 -0.48 -0.22 -1.11 -0.61 0.87 2.41 0.49
0 -0.66 -1.1 -0.78 0.01 -0.48 -0.18 -1.63 0.33 0.01 -0.76 -1.04 -0.37 0.89
0 -0.13 -0.77 -0.69 0.17 -0.86 -1.55 1.25 -2.24 0.7 0.56 -0.46 -0.62 2.58
0 -2.19 -1.98 -2.99 -3.55 -2.86 2.61 0.19 1.02 0.38 0.97 0.17 1.21 -1.48
0 1.12 -0.97 -0.38 0.97 1.44 -0.26 -0.2 -0.04 -1.2 -0.54 0.74 0.85 -0.5
0 -1.5 -3.14 -1.62 -2.12 -1.02 -0.85 -1.19 0.33 -0.37 0.53 -1.04 1.29 -0.9
0 -0.39 -0.28 0.53 1.01 -1.26 3.82 1.51 0.84 2.56 1.49 -1.74 -1.18 -2.08
0 -0.54 0.55 -1.17 -1.08 -1.23 0.91 -1.16 -0.25 -0.43 -0.65 0.49 2.24 0.48
0 -0.4 0.18 -0.24 -0.81 -1.41 -1.59 -1.46 -1.11 0.11 -0.32 -1.09 -1 -1.08
0 -1.88 -1.83 -2.36 -2.61 -1.51 0.81 -0.86 -1.31 -0.97 0.28 -0.61 0.11 -1.23
0 -0.24 -0.96 0.39 -1.7 0.12 -1.25 -0.62 0.96 0.89 -1.15 -1.69 0.04 -1.2
0 -0.74 0.03 -0.52 -1.21 -0.48 -0.08 -0.13 -1.78 -1.02 -2.67 -2.19 -0.38 -1.01
0 -0.79 -0.68 -1.37 -1.69 0.12 -0.91 -2.07 -0.57 -1.09 -0.51 0.5 -0.89 -0.97
0 -0.67 -1.25 0.57 -0.36 -1.2 0.09 1.04 -0.02 -0.16 1.27 -0.09 -0.56 3.56
0 -0.82 -2.23 -1.73 0.85 0.74 -0.66 -1.06 -2.11 -1.57 1.74 -0.26 -1.15 -1.03
0 -0.63 -1.34 -1.68 -1.08 0.3 -0.55 -0.68 0.46 0.17 0.35 -0.45 0.3 -0.49
0 -2.06 -0.78 -0.17 0.18 0.7 0.74 0.16 0.49 -1.26 0.9 -1.63 -1.39 -1.22
0 -1.23 -1.86 -1.1 -0.91 0.92 -2.75 -1.84 -1.74 -0.04 -1.06 -0.35 -0.62 -0.5
0 -0.93 0.36 -0.08 0.59 -0.8 1.8 1.35 1.51 1.09 2.16 -2.5 -1.75 -1.99
0 -1 1.4 0.87 1 -0.45 1.78 1.76 5.13 0.1 -0.35 -1.03 -0.65 -2.28
0 -0.45 0.24 0.51 -0.23 0.56 0.33 -0.43 -1.76 0.41 0.19 -1.06 -0.74 -0.39
0 -0.62 -1.37 -0.17 0.62 -1.54 0.4 -1.06 0.53 1.45 -0.26 0.85 0.1 -0.38
0 -0.47 0.46 0.01 0.05 0.36 0.41 0.43 0.09 0.03 0.16 -1.28 -0.23 -1.08
0 -1.92 -1.35 0.22 -1.11 -1.95 -1.24 -1.06 -3.15 -1.33 -0.04 -0.02 -0.7 0.38
0 -1.4 -2.15 -0.72 -0.73 -0.28 -2.55 0.24 -0.67 -2.05 -0.68 -1.39 -0.6 -1.04
0 2.61 0.59 -0.52 0.59 0.71 0.21 1.94 2.74 0.43 0.79 -2.73 0.68 -2.11
0 0.21 1.78 -0.47 0.24 0.08 -0.19 0.82 1.19 1.53 0.64 -0.28 0.86 -2.14
0 1.88 3.4 1.37 0.44 2.02 1.58 2.18 2.7 2.91 1.89 -3.59 -1.65 -2.97
0 2.28 3.24 2.18 1.51 1.03 1.68 0.37 2.11 -0.64 -0.14 0.95 -0.62 0.6
0 0.77 2.04 1.13 2.15 1.33 0.22 1.27 1.51 0.37 1.91 -1.58 -1.29 -0.45
0 -0.08 0.88 0.28 0.19 -0.95 0.6 -0.65 0.43 -0.54 0.63 -1.08 0.95 -0.69
0 -0.86 -1.9 -0.04 0.11 -1.1 1.12 -0.29 0 1.04 -0.77 1.48 0.96 1.72
0 5.49 1.5 2.82 1.59 0.27 1.3 -0.23 -0.45 1.51 -0.51 -1.03 -1.13 0.79
0 -0.04 0.07 -0.93 -0.67 -1.4 -1.98 -1.05 -1.22 -1.74 0.71 1.06 1.76 0.75
0 -1.21 -2.16 -1.75 -0.93 -0.62 -0.26 -1.4 -2.06 -0.56 -0.7 -1.12 1.14 -0.12
0 -1.58 -1.31 -1.06 -1.55 -1.35 1.8 -0.27 0.45 -0.81 -0.25 0.63 -0.46 -0.4
0 -0.44 -0.87 -1.27 -0.85 0.6 0.88 -0.5 0.76 1.33 1.01 -1.95 -0.94 -1.89
0 1.68 3.47 3.16 1.75 0.92 3.62 1.19 3.87 2.84 4.05 -1.85 -2.15 -2.61
0 -0.35 -0.16 0.74 0.13 -0.98 -1.21 -0.63 -0.67 0.03 0.42 -0.46 -0.69 -0.23
0 0.45 -0.71 0.38 -1.29 -0.31 -0.02 -0.19 0.89 -0.71 1.48 0.46 -0.98 -1.71
0 -0.74 -0.87 1.48 -0.67 -1.38 1.77 1.37 0.85 -0.69 1.37 0.49 1.8 0.08
0 -0.52 -1.08 0.07 1.3 -1.43 -0.33 0.41 -0.95 0.46 1.33 -0.18 -1.16 -1.59
0 -0.83 -0.69 -1.12 -1.72 -0.13 -0.56 -2.08 -4.46 -2.78 -1.07 0.07 0.23 -0.05
0 -0.64 -1.19 -1.86 -1.77 1.91 0.87 -0.22 0.1 0.6 -1.01 -0.05 -1.63 -0.87
0 0.01 0.86 0.39 -1.1 0.17 -0.56 0.49 1.24 0.89 -0.84 0.03 1.21 0.22
0 -0.4 0.97 -1.35 0.78 0.5 -1.01 -0.22 0.34 -0.24 1.12 -1.06 -1.28 1.14
0 -0.91 -2.35 -3.31 -0.82 -0.08 -1.29 -1 -2.62 -2 -1.66 -1.96 -0.74 -0.6
0 0.28 -0.02 0.86 -0.14 2.1 -0.06 0.28 -0.49 -0.32 0.43 0.5 1.37 -0.21
0 1.82 -0.19 1.97 0.8 1.55 -0.96 -1.04 0.44 -0.72 -0.68 -0.48 -0.57 -0.63
0 0.48 0.54 -0.37 -0.89 0.94 0.94 1.36 2.22 -0.62 0.55 -0.61 0.37 -0.46
0 0.62 0.28 -0.04 1.02 0.04 0.4 1 0.66 0.1 1.7 -0.54 0.34 -1.05
0 0.06 -1.17 1.24 0.65 1.52 0.77 0.56 1.76 -0.05 0.59 -1.54 -0.32 -0.35
0 0 -0.67 -0.49 0.12 0.93 -0.75 0.8 -0.65 0.19 -0.01 -0.58 1.78 -0.16
0 -0.5 -0.53 -0.94 -1.35 0.81 0.2 -2.09 1.34 1.42 -0.35 -0.87 -2.77 -1.46
0 -0.42 1.1 0.29 -0.26 -0.66 0.2 -0.29 0.73 0.7 -0.33 -2.53 0.17 -1.3
0 1.73 -1.11 0.45 -0.83 0.07 0.7 0.41 -0.16 -0.77 1.61 -1.66 1.54 -0.1
0 0.14 0.23 0.55 -1.45 -1.35 0.76 1.75 1.22 -0.39 -1.27 0.38 1.16 0.14
0 1.54 -0.37 0.06 0.66 -0.16 0.94 0.41 1.39 -1.13 1.2 -0.97 1.17 0.3
0 0.5 1.89 0.13 0.87 1.85 0.75 0.18 1.06 0.64 1.07 -0.21 0.1 -0.89
0 0.38 1.86 1.74 -0.11 3.64 3.14 2.88 1.93 1.49 0.71 0.47 -0.22 -0.71
0 -0.55 -0.47 -1.1 -0.32 0.52 0.67 -0.19 -1.58 -0.87 0.14 0.52 -0.08 -0.53
0 0.83 0.24 -0.74 0.22 -0.09 0.04 0.16 -1.42 -0.32 -1.67 -0.39 0.12 -0.02
0 0.18 0.07 -1.41 0.11 -0.49 0.87 -0.27 1.21 -0.56 -1.69 -0.98 -2.18 -1.32
0 -0.16 0.22 -0.4 -0.11 0.06 1.25 -0.48 -0.3 0.6 1.2 -0.98 1.02 -0.72
0 1.35 1.17 1.37 0.71 0.26 2.96 1.85 1.46 0.81 4.11 0.02 -2.02 -1.71
0 0.42 -0.31 -0.56 0.17 -0.33 0.18 -0.82 0.61 0.27 0.41 -0.8 -0.75 -0.35
0 -1.78 -1.26 -0.67 -1.56 -0.19 -0.28 0.13 0.7 -0.52 -0.21 0.79 -0.71 -0.33
0 -1.35 0.15 -1.44 -1.72 -0.57 -0.29 -1 -1.45 -0.67 1.12 -0.33 -0.89 -0.37
0 -0.92 -0.49 0.03 -0.28 0.03 -1.36 -0.84 0.96 -0.32 -0.42 -1.74 0.18 -0.41
0 1.5 0.54 0.56 -1.91 1.1 0.76 -0.28 0.41 0.26 0.2 -1.44 -0.73 0.45
0 -0.8 -1.09 0.75 -0.55 -0.18 1.57 1.19 1.95 0.69 1.13 1.02 -0.9 0.97
0 -0.66 -0.8 -0.07 0.36 -0.73 -0.33 -0.48 -2 -0.06 -0.3 -1.56 -2.34 -1.36
0 0.73 0.56 0.37 -0.23 0.9 1.9 0.99 0.11 -1.59 -0.09 2.02 0.92 0.04
0 3.23 0.03 0.25 -0.31 0.26 -0.7 -0.12 0.12 0.64 -1.8 0.2 -0.38 2.44
0 -0.48 -0.75 0.33 0.06 -2.03 1.16 0.22 1.33 -1.29 1.48 -0.2 1.06 1.99
0 0.23 0.55 0.64 -0.32 0.6 -0.08 0.98 -2.43 -1.23 -0.88 1.63 0.75 1.87
0 -0.54 -0.27 0.35 -1.37 -1.28 0.23 0.88 1.68 -0.13 -0.81 -0.77 -0.03 -0.58
0 -0.8 -1.03 -2.08 -0.34 -1.5 -1.78 -2.04 -1.66 0.27 -1.03 -0.26 0.18 0.01
0 0.64 0.24 0.78 1 0.18 0.03 0.98 -0.85 1.14 0.62 -1.04 -2.32 -1.63
0 0.18 -0.99 -0.85 -0.31 0.87 0.67 -0.92 -3.17 0.46 0.62 -0.84 -1.08 0.61
0 -0.16 0.82 1.01 0.2 1.26 -0.38 0.23 0.66 -2.12 1.52 1.33 2.88 0.56
0 0.85 0.67 1.6 0.18 2.93 1.39 -0.22 0.36 0.58 0.61 -1.69 -0.11 -1.26
0 2.5 2.65 1.84 1.49 2.8 2.65 1.6 2.98 1.29 4.47 -3.2 -3.21 -2.03
0 -0.6 0.16 -0.28 -1.04 0.27 0.02 -0.91 -1.71 -0.41 -1.41 1.15 -1.74 -0.28
0 0.47 0.47 0.04 -0.98 1.19 0.9 -0.59 -0.04 -1 -0.41 -0.63 1.91 2.88
0 -1.29 -2.35 -2.58 -2.22 0.68 -0.82 1.1 -0.73 -0.15 0.54 0.97 0.75 1.64
0 0.29 1.31 1.5 1.23 1.08 1.19 2.69 1.74 1.17 0.58 1.61 1.12 -0.12
0 -0.51 -0.6 -0.69 -0.36 0.87 -1.23 -1.46 -2.77 -0.65 -2.63 0.86 1.07 0.36
0 2.55 0.09 0.22 -1.63 -0.07 0.2 -0.48 0.81 0.39 0.1 -0.07 -0.39 1.36
0 0.62 0.29 1.27 -0.26 -0.47 0.24 -0.62 -0.81 -0.15 0.61 -2.51 -1.28 -1.22
0 -0.61 0.46 -1.25 1.26 0.12 -1.09 -1.69 -2.83 -1.41 -1.62 -1.1 -0.21 -0.15
0 1.3 0.03 1.48 0.37 -0.53 2.86 2.18 1.7 2.94 1.74 -3.11 -1.07 -1.61
0 1.16 -0.31 0.07 -1.48 1.25 -0.86 -0.91 -1.92 -0.98 -1.6 0.08 -0.63 -0.05
0 1.29 0.44 0.65 -0.37 0.04 -0.22 0.69 -0.8 -2.29 1.36 -0.53 -1.01 -0.72
0 -0.79 -1.1 -1.22 -0.57 -0.14 -1.37 -0.34 -0.71 -0.37 -1.55 0.64 0.75 1.04
0 -0.82 -2.82 -2.19 -1.68 0.53 -1.93 0.02 0.59 -0.9 1.31 0.13 1.11 -0.83
0 -0.25 -1.02 -0.24 0.9 -0.84 -0.3 -0.42 -0.14 0.22 0.17 0.72 0.15 1.86
0 0.76 1.28 2.29 0.67 1.5 1.27 1.94 3.95 1.79 1.91 -1.13 0.66 -0.89
0 -0.41 -0.61 1.15 -0.12 0.77 1.11 0.26 1.72 0.93 0.57 -0.87 -0.41 -1.12
0 0 0.8 0.53 -1.16 1.43 -0.14 -0.13 1.39 1.95 1.05 1.29 -1.4 -1.63
0 0.03 1.65 -0.23 0.98 -1.27 -1.4 -0.75 -0.59 -0.79 0.08 -1.2 -0.17 -0.7
0 2.04 2.86 3.26 0.79 -0.09 0.59 1.55 1.09 0.95 0.91 -0.52 -0.59 2.16
0 -0.93 -1.62 -0.99 -1.17 0.14 -0.64 -0.66 -0.6 -0.4 -1.47 -3.19 -1.4 -2.71
0 1.62 0.19 2.51 -0.06 -0.44 0.13 -0.24 1.35 0.02 2.31 -1.44 0.83 -0.94
0 0.76 0.92 0.06 -0.68 -0.8 0.91 -0.26 1.27 0.89 0.84 -0.61 -0.14 -0.06
0 -0.31 0.52 -0.05 0.23 -0.41 0.33 1.17 0.95 -0.49 -1.51 -0.91 0.16 -0.53
0 1.54 1.53 -0.9 1.71 -0.83 2.08 0.01 1.35 0.88 0.68 0.32 0.76 -0.94
0 -0.76 -1.01 -1.26 -1.54 -0.47 -1.34 -2.23 -1.69 -0.28 -0.1 -0.2 0.15 -0.18
0 1.53 0.36 1.12 0.74 0.95 1.38 0.03 -0.02 1.02 1.9 -2.39 -2.81 -1.96
0 1.07 1.1 0.4 -0.23 -0.45 0.91 0.13 2.18 -0.89 1.14 -1.79 -2.23 -0.98
0 0.04 0.5 1.65 -0.68 2.34 0.03 -0.98 -1.52 -1.19 0.44 -0.17 -1.65 -0.42
0 -1.16 -0.8 -0.55 -0.43 1.24 -0.03 -2 0.93 0.05 -1.15 -0.27 -0.06 0.08
1 1.07 -0.55 0.03 -0.27 0.52 1.74 2.26 0.74 1.01 2.26 -0.31 0.73 0.32
1 -0.57 -0.29 -2.51 -0.83 -1.08 -3.31 -0.8 -1.19 0.11 -1.91 2.86 0.06 1.21
1 -0.4 -0.27 -0.42 -0.57 -0.92 -0.58 0.88 -0.25 -0.17 -1.29 0.37 2.48 0.16
1 0.45 1.69 0.07 0.44 1.43 0.62 0.65 1.59 0.03 0.76 -1.12 0.49 -1.74
1 -1.92 -1.31 -2.32 -1.04 -1.3 0.85 -0.91 -3.52 -1.02 0.79 3 1.44 2.06
1 0.66 2.02 2.31 0.27 0.12 0.96 -0.55 0.6 0.83 1.7 0.32 -0.35 0.57
1 1.29 2.41 2.01 2.13 1.94 1.16 2.13 -0.23 1.31 2.38 -1.08 -0.47 -1.69
1 -0.83 -0.15 -0.81 0.12 0.05 -0.68 -0.09 0.07 -3.73 -2.38 3.35 2.86 2.93
1 0.13 2.29 2.44 0.82 2.9 1.79 1.48 1.37 0.37 0.18 1.03 1.04 1.87
1 0.67 -0.01 1.41 0.28 -1.29 0.79 -0.31 1.14 1.14 0.37 1.62 -0.16 -0.11
1 3.43 1.5 1.37 0.85 0.8 1.74 -0.71 -0.42 0.38 -0.67 0.95 0.65 1.35
1 1.17 -1.72 -1.33 -0.94 -0.32 0.45 -0.46 1 0.68 -0.13 -1.17 0.23 -0.4
1 -0.2 0.14 1.3 -0.18 0.05 0.08 -0.15 -2.09 1.54 -1.74 0.51 1.86 0.78
1 0.47 0.15 0.18 -0.18 0.96 1.4 1.72 1.25 2.35 -0.2 2.3 -0.05 0.73
1 2.65 0.45 1.13 -0.64 0.6 -0.63 -0.2 1.72 1.29 0.44 -0.23 -0.88 -0.48
1 -0.27 0.67 -0.97 0.13 -1.77 -1.63 -0.92 -3.83 -0.71 -1.21 1.82 -0.14 -0.26
1 4.44 -0.99 1.4 -0.51 1.39 0.45 0.83 2.59 1.12 -0.46 0.16 0.22 -0.75
1 -0.78 0.58 0.47 0.44 -1.65 1.1 -1.35 -1.53 -0.82 0.23 -0.85 0.11 -0.33
1 1.84 3.56 0.67 1.64 1.33 0.55 0.01 1.05 -0.82 -1.3 1.61 -0.55 -1.12
1 -0.17 -0.87 -0.52 0.74 1.42 0.41 1.3 2.07 0.87 -1.65 2.46 2.72 1.1
1 -0.67 -2.62 -1.24 -1.42 0.51 -0.75 -0.39 -1.38 -0.52 -1.37 3.66 1.05 4.63
1 0 1.34 0.07 1.28 -1.18 2.19 1.34 1.65 -0.27 0.39 1.34 -0.3 -0.68
1 0.65 0.41 1.73 0.76 0.64 0.91 0.56 2.49 -0.6 -0.95 0.44 -1.02 -0.66
1 1.49 -0.54 0.56 1.06 1.08 0.64 -2.03 1.71 -0.57 -0.64 -0.01 1.14 0.21
1 1.63 2.7 2.96 1.24 2 0.93 1.05 1.39 1.4 1.73 1.17 1.28 -1.16
1 -0.73 0.19 -0.27 -0.4 -0.95 -1.94 -0.64 0.21 0.06 -0.54 -0.49 1.13 -0.61
1 -0.32 -0.45 -0.36 -0.7 -1.63 -1.65 0.35 0.21 1.24 -1.7 1.02 2.47 1.3
1 -0.55 1.48 0.07 0.3 0.17 0.34 1.38 1.57 -0.54 -1.12 -0.35 -0.31 -0.76
1 0.42 0.78 -0.04 1.5 0.43 -0.66 -0.51 1.26 0.6 -1.75 0.24 -0.83 0.09
1 0.03 0.8 -0.46 0.01 1.74 -1.26 -1.61 -1.71 -0.06 0.11 0.2 -0.11 -0.11
1 -0.23 1.24 1.52 -0.45 -0.37 -1.87 -0.09 -0.8 1.12 0.03 -0.58 -1.7 2.61
1 -0.3 -0.02 -1.19 0.06 -0.31 -0.7 -1.55 -1.19 1.15 0.24 0.14 1.71 -0.37
1 1.45 -0.97 -0.51 -1.23 0.68 3.42 1.72 0.88 0.57 0.88 -0.96 0.06 -0.35
1 -0.76 -0.78 1.76 -1.7 -1.9 -0.53 -0.45 -0.96 -0.06 -1.21 0.16 -1.69 0.93
1 0.7 1.67 0.72 1.05 0.19 0.82 -0.46 0.4 0.93 2.04 0.87 0.92 -0.29
1 1.23 1.7 1.83 0.55 1.12 3.24 2.97 2.4 0.11 2.04 -0.83 0.66 -0.43
1 -0.19 2.45 -0.33 1.98 2.46 -0.38 -1.39 -1.56 0.96 -0.61 -0.99 -0.15 0.07
1 0.17 -1.32 0.79 1.06 0.04 -1.25 -1.46 -1.68 -1.28 -0.18 1.64 1.38 -0.07
1 -0.47 1.36 1.42 -0.32 -0.85 -0.93 -0.83 -0.53 0.38 -1.01 1.23 0.49 0.19
1 -0.2 -0.76 -0.69 0.5 0.65 -1.04 -1.53 -0.44 -0.17 -0.75 -1.71 -1.06 -1.53
1 1.28 -0.17 -0.63 -0.46 1.06 2.14 1.35 0.31 1.55 0.47 0.36 -0.23 0.59
1 -1.72 -0.5 0.07 -1.38 0.2 -1.13 -0.51 -1.2 -0.27 0.66 1.1 0.75 1.47
1 -0.75 0.31 -0.66 0.72 -0.81 -0.41 -0.32 0.12 -0.86 -0.33 -1.23 -1.04 0.84
1 1.6 0.5 0.55 0.66 1.49 1.99 1.19 0.38 0.51 -0.7 -0.78 -1.66 -0.55
1 -0.56 1.03 1.8 0.78 0.23 0.83 0.22 0.37 -0.52 0.38 -0.6 0.01 -0.11
1 0.11 0.06 -0.91 -0.64 0.7 -1.08 -0.74 -1.19 -0.96 -1.94 1.71 1.53 1.72
1 -0.42 -0.66 0.83 0.66 0.79 0.2 0.28 -0.84 -1.26 -0.78 1.17 1.84 0.14
1 0.02 -2.42 -0.69 -0.9 -2.43 -2.87 -2.34 -2.39 -1.42 -0.63 -0.07 -0.51 0.77
1 -0.93 1.58 -0.55 -0.53 -0.62 0.21 1.03 -0.04 -1.58 -0.51 -0.23 0.64 2.27
1 4.38 0.46 -0.32 0.58 -0.21 0.65 -0.41 0.01 -0.33 -0.93 -3.47 -2.58 -2.01
1 0.63 0.13 0.74 0.52 0.46 1.94 -0.7 0.09 1.1 1.29 1.42 -0.11 0.17
1 -2.35 -0.9 -1.66 -0.39 -1.48 -1.62 -0.83 -0.69 -0.28 -0.16 -0.07 0.79 -0.15
1 -0.94 0.18 -1.46 0.64 0.94 0.6 -0.27 1.29 1.23 0.31 -1.74 -0.8 -1.58
1 -0.12 -0.82 1.01 0.87 2.3 0.45 0.23 -0.32 -0.19 1.18 1.49 -1.41 -0.3
1 2.75 0.58 1.13 0.52 1.17 1.26 1.58 0.36 1.91 2.57 -0.01 -0.46 -1.19
1 -0.34 1.37 -0.65 0.08 -0.74 1.05 0.82 -0.41 1.14 1.63 -1.88 0.04 -1.05
1 -0.4 1.87 2.13 0.78 0.26 1.35 0.16 0.27 0.81 -0.27 0.32 -1.01 -0.92
1 -1.33 -0.43 -1.75 -0.47 -1.48 -0.82 -0.44 -1.07 -0.35 -1.37 0.16 -0.24 -0.68
1 -1.77 -0.47 1.35 0.36 0.16 -0.84 0.48 -0.39 -1.21 0.21 4.75 1.63 1.81
1 0.05 2.33 0.55 1.18 0.98 -1.16 0.22 -0.99 -2.03 -1.01 -1.68 1.14 0.39
1 -0.01 1.45 0.99 1.7 0.44 0.73 1.73 2.78 -0.62 -1.05 2.29 1.24 1.33
1 -0.61 -0.43 -1.37 -0.93 -0.2 1.5 0.11 0.11 1.28 2 1.58 1.83 1.06
1 -1.64 -2.45 -0.55 -0.93 -0.24 -2.75 -1.34 -1.82 1.17 -0.59 1.01 0.92 2.55
1 0.43 2.01 1.49 1.67 1.33 -1.09 0.31 1 0.42 2.19 3.23 3.21 1.5
1 0.43 1 0.7 -0.17 2.04 1.39 0.31 -0.6 0 2 -0.96 -0.67 1.49
1 -0.74 2.17 1.6 2.02 -0.91 2.62 0.8 0.12 1.05 1.6 1.75 0.79 1.59
1 1.29 -0.04 1.03 -0.89 -1.16 -1.66 -0.1 1.04 -0.76 0.6 0.27 1.55 1.21
1 0.53 1.76 -0.15 -0.36 0.05 1.2 0.56 0.91 0.43 -0.3 -2.21 -0.57 -1.23
1 0.17 1.22 0.96 -0.03 1.21 1.18 0.95 0.98 -0.93 0.63 2.75 -0.63 1.09
1 -0.87 -0.92 -1.02 -0.49 -2.16 -1.3 -1.44 -2.75 -0.34 0 1.3 3.36 1.47
1 -0.12 1.05 3.1 1.13 0.72 -1.66 -0.32 0.4 -1.48 -0.27 0.29 0.26 1.09
1 1.15 1.18 0.5 0.36 -0.9 -0.42 0.48 -1.38 0.86 0 1.75 2.45 3.25
1 -0.49 0.18 -1.61 0 0.87 -0.38 0.04 0.25 0.35 -0.25 1.37 0.62 0.28
1 -0.5 -0.59 -0.41 -0.58 -0.63 -1.08 -0.54 0.72 -0.28 -2.25 0.15 -1.49 0.07
1 -1.34 -1.2 -2.09 -0.52 -0.86 -1.84 -0.69 -0.2 -1.07 0.31 -0.87 -0.09 0.09
1 0.81 2.48 0.96 0.08 0.97 1.67 0.98 1.45 1.79 2.38 0.98 1.44 0.38
1 -0.72 1.27 0.15 2.07 1.78 3.34 1.82 2.08 1.09 0.59 -2.68 -1.89 -2.57
1 -0.65 -0.07 -1.62 -0.97 -0.19 1 1.29 0.21 -0.97 -1.97 1.13 1.12 1.09
1 -2.6 -1.69 -1.74 -0.05 -0.19 -1 -1.45 -0.84 -2.46 -1.81 1.7 0.74 0.48
1 0.43 2.04 -0.37 0.62 2 1.47 0.94 2.73 3.42 0.3 -2.66 -0.85 -2.53
1 0.73 1.37 -0.25 0.24 1.53 -0.76 -0.77 0.6 1.32 1.11 0.44 1.12 -0.88
1 -1.41 -0.76 -0.93 0.5 -0.54 0.22 -0.94 -1.74 0.87 1.74 3.29 1.13 1.72
1 2.64 0.16 1.01 -0.75 -1.45 1.58 -0.2 -1.62 0.75 0.43 0.63 -1.44 -0.26
1 -0.19 -1.56 0.15 -1.14 -0.84 -1.37 -1.82 -2.19 -1.2 -0.86 0.51 0.23 1.48
1 1.26 2.51 -0.02 0.39 0.35 -0.43 -0.12 2.01 0.06 1.76 1.54 -0.95 -0.02
1 -0.88 -1.61 -0.31 -0.88 0.23 -1.18 -0.54 -0.01 -0.02 0.42 -0.14 0.4 -0.69
1 -1.62 0.98 -1.97 0.51 -1.1 1.05 0.48 0.23 -0.66 0.17 -0.18 0.2 -0.35
1 1.35 0.05 0.08 -0.79 0.83 1.84 1.85 0.83 0.58 0.64 -1.11 -0.71 0.29
1 -0.42 1.02 1.09 -0.03 -0.22 -1.31 -1.83 -1.72 0.83 -1.92 -0.32 1.03 0.44
1 0.05 -0.09 1.46 -0.91 -1.04 -1.11 0.49 0.45 1.78 1.96 -0.22 0.46 0.78
1 0.09 -0.63 -0.05 1.4 -0.98 1.15 0.15 1.06 -0.05 -0.04 -0.13 -0.76 -1.23
1 -0.29 0.28 -1.1 0.1 0.08 -0.62 -1.84 -2.5 0.32 1.61 1.21 -0.34 1.43
1 0.39 -0.22 -1.65 0.2 -0.74 -0.18 1.25 -0.55 -2.03 1.14 1.03 -0.44 0.01
1 0.68 0.71 0.07 1.86 0.91 -0.06 -0.87 -0.9 -1.01 1.12 -0.45 0.23 0.33
1 -2.28 -2.94 -2.88 -2.18 -1.6 -1.43 -2.3 -2.26 -2.57 -1.38 0.97 0.45 1.11
1 0.12 0.18 1.58 0.53 -0.14 0.19 0.47 0.72 0.05 -1.12 -0.96 0.17 -0.65
1 -1.21 0.76 1.02 0.74 -0.11 -0.86 -0.19 1.51 0.96 -1.66 -2.58 -2.57 -2.82
1 0.86 -0.86 -2.91 -1.53 -0.97 -0.08 -0.09 -0.94 1.38 -0.22 -0.08 -0.47 -0.75
1 0.38 -0.06 -1.06 -0.16 -2.29 -1.52 -0.07 -1.78 0.4 0.71 3.72 2.04 2.06
1 1.81 2.47 2.3 0.95 2.27 1.39 0.61 3.01 0.36 -0.63 -0.01 -2.55 0.13
1 -0.51 -2.48 -1.23 -2.27 0.81 -1.64 0.18 1.48 0.17 -0.14 2.96 0.6 1.89
1 -0.16 -0.4 0.26 -0.9 -0.88 -1.11 -0.94 0.66 0.43 -2.25 -1.04 0.19 1
1 0.55 0.72 0.25 -0.05 2.51 0.09 -0.68 1.8 -0.39 0.13 -1.8 0.62 -2.05
1 0.61 -0.48 -0.41 0.96 0.82 -1.01 -0.14 -1.58 -0.08 0.53 2.81 1.82 2.19
1 -1.49 -0.94 -0.42 -1.13 -0.86 -1.01 -1.66 -1.5 0.24 -1.29 2.69 2.75 2.74
1 1.93 -0.84 -0.16 -1.33 0.63 -0.21 -0.53 -1 -1.26 -1.28 1.44 -0.27 2.65
1 0.78 -0.05 1.64 0.11 -0.92 -1.3 -0.79 -1.72 0.68 -0.93 -1.39 -0.93 0.26
1 2 1.06 -0.05 -0.26 1.04 1.63 0.3 2.11 -0.94 0.21 -0.93 -1.03 -0.86
1 -0.44 0.78 0.15 1.68 1.31 -0.65 -1.38 -3.08 0.2 0.34 0.12 -1.03 -0.97
1 -0.88 -0.78 -1.54 1.35 0.42 -0.92 -0.05 -2.14 -1.64 -1.3 0.7 1.09 2.35
1 -0.24 0.94 0.66 1.61 1.51 0.92 0.74 -0.36 0.01 1.75 -1.44 -1.41 -1.03
1 0.89 0.39 2.49 2.06 2.59 -0.51 0.18 0.23 0.77 -0.34 1.97 2.12 1.2
1 1.11 2.41 2.09 0.51 1.07 1.13 0.13 0.62 2.29 1.21 -1.52 -0.18 -0.82
1 -0.87 -1.33 -0.2 0.14 -0.86 -1.23 -1.3 -1.48 -1.06 -2.04 -0.96 0.14 0.14
1 -0.48 -1.86 -1.24 -0.06 0.82 -1.55 -0.49 -0.49 -1.11 -0.86 1.33 0.55 -0.11
1 -0.69 0.21 0.18 0.35 -0.56 -0.32 -1.35 -3.14 -0.53 0.85 2.08 -0.42 0.93
1 -0.16 0.91 -0.21 -0.73 -0.06 -0.17 -0.24 1.16 -1.76 -0.3 0.47 0.09 0.27
1 -1 -0.47 0.73 -0.51 -0.91 1.06 1.17 1.19 -0.18 1.48 0.67 0.37 0.91
1 -1.37 -1.78 -0.24 -1.24 -1.75 -1.92 -1.25 -1.96 -1.25 -1.74 -0.26 2.09 0.86
1 1.33 -0.02 -0.86 0.11 -0.5 -0.44 -0.77 0.56 -1.07 -0.57 0.96 1.72 1.21
1 -0.9 -0.74 -0.8 -2.04 -0.82 -1.17 -0.37 -0.58 -1.02 -0.03 0.45 1.2 1.3
1 -0.4 -0.36 1.35 -1.23 -1.1 2.49 0.49 -0.6 0.99 -0.07 1.55 1.17 0.15
1 0.52 2.03 0.88 0.87 0.73 -0.74 -0.68 0.52 1.16 0.65 1.26 0.67 0
1 -0.53 0.39 -0.96 -0.03 -1.5 -0.29 0.78 -1.42 -1.92 -1.42 1.18 0.25 2.62
1 0.68 0.65 0.72 1.26 0.69 -0.38 1.21 1.94 -0.7 -0.4 0.99 0.13 -0.26
1 -0.99 -2.2 -1.03 -0.94 -0.7 -0.17 1.35 0.54 0.29 -1.82 -0.24 0.31 -0.19
1 -0.68 0.37 -1.07 -0.48 -0.05 0.82 0.49 -1.36 -0.77 -0.77 1.21 1.37 0.64
1 0.28 1.3 -0.29 0.74 -1.08 1.5 0.69 2.52 1.69 -0.07 -0.47 0.73 0.14
1 1.01 3.01 2.35 0.23 0.29 1.98 1.7 1.72 -0.33 0.4 -1.66 -2.11 -0.66
1 0.74 3.63 0.82 2.35 0.38 0.25 1.69 0.29 1.04 2.31 1.68 0.52 0.26
1 -0.42 0.02 0.06 -1.48 -0.66 -2.43 -1.62 -0.84 -0.74 0.29 0.55 0.94 0.66
1 0.81 2.01 0.87 2.46 2.25 3.13 2.09 1.85 2.55 0.66 -2.48 -2.18 0.08
1 -1.96 0.53 -1.24 1.57 -0.04 -1.53 -1.78 -0.98 0.29 -2.19 -0.05 0.4 -0.4
1 -0.02 0.61 2.44 1.04 0.39 0.92 0.51 -0.47 -0.29 1.47 -1.01 0.75 0.07
1 -0.38 -0.51 -1.41 -1.53 0.32 0.1 0.23 -1.48 -1.74 -0.86 2.5 1.29 0.77
1 -0.67 -0.67 0.77 0.42 -2.41 -1.69 -1.17 -1.16 -1.51 -0.02 -0.15 0.43 -0.49
1 0.84 -0.73 -1.95 -0.58 -2.6 0.14 1.67 0.66 -2.31 -1.94 0.72 0.28 0.97
1 0.9 -0.12 -0.36 -0.47 -1.1 -0.97 -0.36 0.66 -1.38 1.03 -0.62 0.01 -0.44
1 -0.92 -1.26 -0.92 0.23 -1.21 -0.72 0.45 -0.06 0.01 0.39 2.04 0.51 -0.1
1 -1.12 -0.69 0.4 0.59 -0.91 -1.25 -1.02 -1.83 -1.44 -1.55 2.11 2.46 0.87
1 -0.72 -0.54 -0.03 -0.59 -2.01 0.06 0.87 0.55 -0.55 0.63 -0.23 1.88 2.69
1 1.71 2.97 3.46 0.49 3.54 1.39 0.46 -0.17 -0.1 -0.13 0.86 -0.14 -0.04
1 0.32 1.36 0.84 -0.93 0.32 1.98 0.3 0.95 2.34 2.31 -1.63 0.16 -1.9
1 -0.73 1.36 -0.26 -0.04 -0.42 -0.21 0.76 0.7 -0.26 -0.64 1.79 0.68 0.24
1 1.81 2.56 1.3 0.07 1.07 2.1 1.52 1.59 0.75 1.5 0.6 -0.95 -0.41
1 -0.43 1.13 -0.31 -0.93 -0.78 0.1 0.19 0.3 0.47 -0.39 1.58 0.47 3.52
1 -2.41 1.24 -0.93 -0.41 -2.29 -0.19 -1.07 -0.28 0.1 -0.42 2.06 2.43 0.44
1 1.55 0.18 -0.38 0.59 1.66 -0.48 0.06 1.1 -1.43 -0.09 1.65 1.89 2.97
1 -0.81 -1.94 -0.87 -1.47 -1.98 -1.94 -1.67 -1.28 -0.61 -0.15 -0.54 0.69 2
1 0.17 1.87 -0.12 0.4 -0.3 2.26 1.66 2.32 -0.24 0.01 0.42 -0.72 -0.58
1 0.27 -0.99 -0.13 -0.59 -0.01 -1.34 1.03 0.61 0.32 -0.93 0.71 0.73 0.06
1 0.53 0.37 1.64 -0.39 -0.18 0.67 1.67 2.85 2.03 2.46 -1.23 -0.4 -0.94
1 0.09 0.92 1.23 0.56 0.91 1.77 0.19 0.99 0.39 1.32 1.02 -0.89 -0.29
1 0.3 0.93 2.12 -0.19 1.51 -0.36 0.23 0.25 -0.66 -2.01 -0.02 0.51 0.78
1 -0.31 -0.61 -1.24 -0.95 -2 -0.92 -1.82 -1.94 -0.29 0.35 0.81 0.7 0.56
1 -0.54 0.28 0.54 -0.63 -0.84 0.23 0.63 1.54 0.35 -1.01 -0.87 -0.27 -0.44
1 0.49 -0.76 -0.38 -0.28 0.72 1.84 0.68 1.73 -1.29 2.32 -0.63 -0.51 2.5
1 -0.04 -1.01 0.5 -0.23 0.76 -1.12 0.01 -1.87 0.33 -1.48 2.83 1.69 2.58
1 -1.39 -1.77 -2.11 -1.76 -0.56 -0.75 -1.7 -1.96 -0.05 -3.36 2.07 3.08 0.51
1 1.44 1.08 0.7 0.1 -0.74 0.84 -0.43 -0.87 -2.33 -0.33 1.83 -0.12 1.16
1 -0.74 -1.37 0.82 -1.36 -0.93 0.24 -0.46 -2.1 -0.71 -1.4 0.64 1.01 1.65
1 0.66 1.08 -0.93 -0.41 0.4 -1.72 -0.86 -0.86 -0.06 -0.96 0.54 1.05 0.68
1 0.04 0.07 2.93 0.36 1.06 0.79 0.26 -0.47 -0.59 0.16 -0.39 0.68 0.52
1 -0.48 -0.78 -0.47 0.82 0.02 2.65 0.55 1.11 1.97 0.22 -0.26 -0.18 -1.84
1 0.59 -0.3 0.45 0.64 1.37 0.72 0 0.07 0.49 1.55 -0.46 0.74 -0.48
1 0.45 0.96 -0.25 -0.69 -0.26 0.78 1.06 3.18 0.22 1.7 -0.35 1.53 -0.89
1 -0.19 -0.16 1.31 -0.05 0.23 -0.57 -0.72 -1.28 -0.07 -0.27 0.81 2.55 1.58
1 -0.41 -0.55 -1.55 0.55 0.44 -1.17 0.03 1.24 0.61 1.6 0.69 -0.5 0.48
1 -1.02 -1.43 -0.41 -0.17 0.9 -0.2 0.46 1.15 -0.18 0.95 -0.21 -0.84 -0.62
1 1.53 3.84 1.28 2.06 2.09 0.43 0.81 1.49 0.36 1.78 -1.67 -0.48 0.68
1 -2.43 -1.06 -1.91 -0.3 -0.29 2.14 0.73 -0.68 -1.95 1.05 0.04 0.71 1.04
1 -0.74 -0.22 -1.76 -0.17 -1 0.56 -0.77 -0.88 -0.56 -2.41 -0.45 -0.3 1.22
1 -0.33 0.11 -0.59 0.15 -0.09 1.12 -0.73 -1.36 -2.06 -0.28 2.74 2.01 1.67
1 -0.07 1.12 -0.05 1.63 1.21 1.97 0.81 1.91 1.2 1.81 0.18 -0.94 -0.3
1 0.09 3.18 0.34 1.92 1.15 0.43 1.6 2.34 1.81 1.38 -0.71 0.3 -0.71
1 -0.85 -1.9 -0.79 -0.02 0.02 0.6 0.68 1.36 0.39 0.32 1.38 0.86 1.23
1 1.15 1.74 -0.22 -0.04 1.07 0.81 0.78 -0.03 -0.01 -0.75 0.17 1.21 -0.61
1 -0.6 1.54 -0.92 0.39 -0.88 -1.34 0.06 -1.49 -0.32 0.32 -0.83 0.49 0.55
1 2.78 0.31 2.68 1.61 -1.46 -1.93 1.36 -1.63 -1.15 -0.04 1.04 -1.09 2.22
1 -1.33 1.48 1.96 0.55 2 -1.94 0.01 0.42 0.04 0.85 0.92 2.16 2.45
1 -1.6 -1.41 -1.26 -1.12 -2.1 -1.16 -1.03 -1.14 -1 -2.51 1.42 1.62 4.91
1 -0.34 0.84 -0.26 1.82 0.63 -0.94 0.6 -1.61 0.32 1.02 1.27 0.15 0.62
1 0.19 -0.06 -0.43 -0.63 -0.54 -1.66 0.56 0.82 -1.21 -0.76 -0.04 0.43 1.24
1 0.02 0.67 -1.06 -0.27 -0.7 -0.01 -0.04 -0.09 -0.9 0.48 1.25 2.38 0.09
1 -1.13 -1.42 -0.97 -1.4 -1.54 -2.55 -1.12 -1.71 -1.14 -2.82 1.36 2.11 2.1
