 01    2                      75 2 1 4 4 3 2 3 63 4 2  76 1 2 3 1  62           
 02    2                      96 2 3 4 3 6 4 2 85 4 4  96 4 4 4 3  94           
 03    1                      97 4 2 4 3 6 3 4 99 4 4  98 4   4 4  96           
 04    2                      80 1 2 1 4 6 4 3 73 4 3  80 4 3 4 4  55           
 05    1                      90 3 4 4 4 6 4 4 91 4 4  93 4 4 4 4 103           
 06    2                      84 2 4 3 4 6 4 4 81 1 3  77 4 4 4 2  86           
 07    1                      80 4 1 2 3 6 4 4 78 4 4  88 4 3 3 4  68           
 08    2                      90 1 2 4 4 6 4 3 85 4 4  87 1 4 4    68           
 09    2                                                                        
 10    2                      89 4 3 3 4 6 4 4 90 4 4  89 4 4 4 4  97           
 11    2                      63 1 3 1 1 2 4 2 58 3 4  66   4 3 4  55           
 12    1                      94 2 2 4 4 6 4 2 75 2 4  89 3 3 4 3 105           
 13    2                      91 1 4 3 3 6 3 3 97 4 4  98 3 3 4 4 102           
 14    1                      86 3 3 2 4 6 4 4 78 1 3  85 4 4 4 3  91           
 15    2                      97 3 4 4 4 6 4 4 86 4 4  87 4 4 4 4  99           
 16    1                      80 1 1 4 3 6 4 1 66 2    75          65           
 17    2                      82 4 4 3 4 6 4 4 86 4 2  91 4 3 4 4  73           
 18    2                      90 4 4 4 4 6 4 4 88 4 4  99 4 4 4 4  95           
 19    2                      92 4 3 3 3 6 4 3 83 4    86 3 4 4 4 100           
 20    2                      94 3 3 2 4 6 4 1 83 4 4  94 3 4 4 4  98           
 21    1                      97 3 4 4 4 6 4 4 93 4 4 100 4 4 4 4 107           
 22    1                      97 3 3 4 4 6 4 2 67 4 2  90 4 3 4 4  95           
 23    2                      89 4 4 4 3 6 4 4 89 3 4  94 4 4 4 4 105           
 24    1                      70 1 3 2 3 4 4 4 88 4 3  55 1 3 4 4  61           
 25    2                      93 2 4 3 4 6 4 4 87 4 4  91 4 2 4 4 100           
 26    2                      97 4 4 3 4 6 3 4 95                               
 27    2                      99 4 4 4 4 6 4 4 95 4 4  97 4 4 4 4 106           
 28    1                      79 2 2 2 4 6 4 3 74 4 3  88 4 4 4 4  98           
 29    1                      92 4 3 4 4 6 4 3 84 4 4  87 3 4 4 4  98           
 30    2                      96 2 4 3 4 6 4 3 93 4 4  96 4 4 4 4  95           
 31    2                      71 1   1 1 1 2                                    
 32    2                      91 4 4 4 4 6 4 4 96 4 4  99 4 4 4 4 107           
 33    1                      52 2   1   3 4 1 68                               
 34    2                      87 1 4 4 4 6 4 3 72 4 4  90 4 4 3 4  86           
 35    2                      85 3 4 4 4 6 4 4 86 4 4  92 4 4 4 4 101           
 36    2                      91 3 4 1 4 6 4 0 51 4 2  26 3 3 4 4  69           
 37    1                      92 3 3 4 4 5 3 4 87 4 3  98 4 4 3 4  78           
 38    2                      83 2 4 4 1 1     42 1 3  87 1 1 4 4  54           
 39    1                      96 4 4 4 4 6 4 3 74 2 2  69          18           
 40    2                      95 2 4 4 4 6 4 4 88 3 4  99 4 4 4 4 105           
 41    1                      85 3 4 4 4 6 4 4 68 4 3  85   4 4    71           
 42    1                      85 3 3 4 4 6 4 4 83 4 4  97 4 4 4 4 106           
 43    1                      84 4 4 3 3 5 3 3 86 4 2  94 4 4 4 4  93           
 44    2                      96 3 2 1 3 2 1 3 85 4 3  87 4 4 2 1  83           
 45    2                      86 4 2 4 4 6 4 2 81 4 0  92 4 3 4 4  72           
 46    1                      62 2 2 3 4 6 4 4 82 3 4  89 4 4 4 4  72           
 47    2                      89 2 3 3 4 6 3 4 88 4 1  77 3 3      71           
 48    2                      84 2 1 3 4 6 4 2 85 4 4  96 4 4 4 4  72           
 49    1                      91 2 3 4 4 6 4 4 94 4 4  97 4 4 4 4 104           
 50    2                      76 3 2 3 3 1 3 1 80 1 1  70 1 1   3  55           
 51    1                      84 4 4 4 4 6 4 4 94 4 4  95 4 4 4 4 109           
 52    2                      87 4 3 2 4 6 4 4 64 4 4  75          20           
