  201    5    4    4    4    5    5    2    5    5
  203    2    2    2    2    5    4    4    5    5
  205    1    3    1    3    4    4    6    4    4
  206    2    1    3    3    6    6    6    6    6
  208    1    2    1    1    6    6    5    6    4
  209    4    6    5    6    6    6    6    5    6
  210    1    2    2    2    2    2    2    2    2
  212    1    1    1    3    6    4    4    4    4
  213    4    4    4    4    4    5    4    4    4
  214    2    1    1    2    3    2    1    3    1
  216    2    3    2    2    4    5    2    4    3
  217    3    3    1    2    5    4    3    4    4
  218    1    2    1    1    3    2    2    3    3
  219    3    3    3    3    5    5    4    4    4
  220    1    1    1    1    3    3    3    5    4
  221    5    5    5    5    6    5    5    6    6
  222    1    1    1    1    2    3    2    3    2
  223    3    3    3    3    6    6    5    6    6
  224    2    2    2    2    6    6    6    6    6
  225    1    1    1    1    6    6    1    6    3
  226    2    2    2    2    4    4    4    4    4
  227    1    4    1    1    6    6    6    4    4
  228    2    3    2    2    6    6    6    6    6
  229    2    2    1    2    2    2    2    2    2
  230    4    3    4    4    5    4    1    4    4
  231    4    4    4    3    6    6    6    6    5
  233    1    1    1    1    6    6    6    6    6
  234    6    5    2    5    6    6    3    6    5
  236    2    2    2    2    6    3    3    6    6
  237    4    4    4    3    6    6    5    6    6
  238    4    3    4    4    4    4    4    4    3
  239    5    5    5    5    5    5    3    6    5
  242    3    3    3    3    6    6    4    6    5
  245    1    2    2    2    3    3    2    2    2
  249    3    3    3    3    6    6    6    6    6
  250    6    2    3    3    6    5    4    5    4
  251    1    1    1    1    3    3    5    3    3
  253    1    2    2    1    3    4    3    4    4
  255    3    3    3    3    2    2    2    2    3
  256    2    1    1    1    5    5    5    5    4
  257    2    2    2    4    3    2    2    2    3
  258    1    1    1    1    5    4    4    5    5
  259    1    1    1    1    4    4    5    5    2
  260    1    1    1    1    2    3    1    2    2
  261    3    3    3    3    3    3    1    5    5
  262    5    6    5    5    3    5    3    5    5
  263    3    3    2    2    6    6    6    6    6
  264    4    4    1    2    2    6    2    6    4
  265    1    1    1    1    1    2    2    1    1
  266    2    2    2    2    3    3    5    3    3
  267    4    4    3    3    4    5    6    4    6
  270    3    3    3    1    6    6    6    6    6
  271    2    2    2    2    3    3    5    3    3
  272    3    3    2    2    6    6    4    6    5
  274    5    5    4    4    4    5    5    6    5
  275    2    2    2    2    5    5    6    5    5
  283    2    2    1    2    6    6    6    6    4
  284    3    4    1    2    5    5    3    5    4
  285    1    1    1    1    6    6    4    6    3
  286    3    2    1    2    2    2    2    2    2
  287    3    4    3    3    3    4    4    3    4
  288    3    3    4    4    6    6    6    6    6
  289    2    2    2    2    4    2    1    2    4
  290    2    2    2    2    3    4    3    3    3
  291    2    2    2    2    4    4    4    4    4
  292    3    4    2    3    3    2    2    3    4
  293    4    4    4    4    4    4    2    4    4
  294    3    2    1    1    4    3    1    3    2
  296    1    2    2    3    5    6    2    3    4
  297    2    3    3    3    3    3    2    3    3
  298    2    2    1    2    2    2    2    2    2
  299    3    3    2    2    5    6    5    6    6
  300    1    3    1    1    1    2    1    2    2
  301    3    3    3    3    6    6    6    6    6
  302    4    6    6    6    6    6    1    6    6
  303    3    3    3    3    4    4    3    4    4
  304    3    3    3    3    5    5    5    5    5
  305    3    3    3    3    6    6    3    6    6
  306    1    2    1    1    6    6    1    6    6
  307    1    1    1    1    1    2    2    2    2
  308    6    6    6    6    2    2    1    2    2
  309    4    4    4    4    3    6    1    6    6
  310    2    2    2    2    1    1    1    2    2
  311    3    3    3    3    3    4    3    4    5
  312    2    1    2    2    4    4    3    4    5
  314    4    4    3    3    4    4    3    3    3
  315    4    4    3    3    4    2    2    4    4
  317    5    5    5    5    3    3    3    2    2
  318    2    2    2    2    4    5    2    3    3
  319    2    2    2    2    1    1    1    1    1
  320    4    5    3    3    5    5    5    5    4
  321    4    4    3    3    5    5    5    5    4
  322    2    1    1    1    1    1    1    1    1
  323    4    4    4    5    2    2    2    2    4
  324    3    3    4    3    6    6    3    6    6
  326    2    2    2    2    3    3    2    4    3
  328    5    3    1    2    2    3    4    3    3
  329    3    3    3    3    4    4    4    6    6
  330    4    5    4    5    6    6    6    6    6
  331    6    6    3    4    6    1    6    5    5
  332    2    3    2    3    6    6    5    6    6
  333    2    3    3    2    4    3    2    3    2
  334    3    3    3    3    5    4    3    4    4
  335    2    2    2    2    4    4    1    4    5
  337    2    2    2    2    5    5    3    5    4
  338    1    1    1    1    6    6    1    6    6
  339    1    1    1    1    4    3    2    4    3
  340    3    3    3    3    4    3    2    4    4
  341    2    2    1    1    6    6    6    6    6
  342    5    5    5    5    4    4    2    3    3
  343    4    3    4    3    3    3    1    3    2
  344    1    1    1    1    6    6    6    6    6
  346    3    3    2    2    3    3    3    3    3
  347    6    6    6    6    5    5    3    5    5
  348    3    3    2    3    4    6    5    4    2
  349    6    6    6    6    4    4    4    4    6
  350    3    4    3    4    2    3    4    4    3
  352    6    6    6    6    4    4    4    4    4
  366    4    4    4    4    5    5    5    5    5
  367    2    3    3    3    3    4    5    3    3
  368    3    3    3    3    6    6    4    6    6
  369    4    4    4    4    6    3    3    3    3
  370    4    4    4    4    6    6    6    6    6
  371    1    1    1    1    2    5    2    5    5
  372    2    2    2    2    6    6    5    6    6
  373    3    6    4    4    6    6    3    6    6
  374    3    4    4    4    6    6    6    6    6
  375    2    2    2    2    6    6    6    6    6
  376    3    3    1    1    6    6    6    6    4
  377    1    2    2    2    6    3    3    6    6
  378    2    3    3    2    3    3    3    3    3
  379    3    3    2    3    6    4    4    6    6
  380    6    5    6    5    3    3    3    3    3
  381    5    5    4    4    5    4    4    5    5
  382    1    2    2    2    4    2    2    3    2
  383    1    2    1    2    6    6    6    6    5
  384    1    1    1    1    6    6    6    6    6
  385    6    6    6    6    6    6    3    6    6
  386    4    3    3    3    5    2    2    3    5
  388    2    3    1    2    6    6    2    6    6
  389    5    5    4    4    5    4    3    5    5
  390    6    6    6    6    3    6    5    5    4
  391    1    1    1    1    1    6    1    4    6
  393    3    3    3    3    6    6    6    6    6
  395    3    2    2    3    5    3    3    4    3
  396    1    2    1    2    5    5    5    5    4
  397    1    1    1    1    6    6    6    6    6
  398    3    5    3    3    3    3    3    3    4
  399    3    3    3    3    5    5    5    5    5
  400    2    3    3    3    3    3    3    4    4
  401    3    3    2    2    4    4    3    3    3
  402    3    3    3    3   99   99   99    4    4
  404    3    1    6    1    3    3    3    3    3
  405    4    5    4    5    6    6    5    6    5
  406    3    5    2    2    6    6    6    6    6
  407    3    3    3    3    3    3    2    3    3
  408    1    1   99   99    1    1    1    1   99
  409    3    3    3    3    2    2    3    3    4
  410    3    3    3    3    4    5    5    5    3
  411    3    3    2    6    5    3    1    3    3
  413    5    4    4    4    6    6    4    6    5
  414    1    2    1    2    2    2    2    2    3
  415    4    4    2    2    2    2    2    2    2
  416    4    4    3    3    3    5    4    5    4
  417    1    1    1    1    6    6    3    6    6
  418    2    2    2    2    5    5    2    5    5
  419    1    2    1    1    6    6    6    6    5
  420    2    2    2    2    1    1    3    6    6
  422    1    2    1    2    5    4    1    3    4
  423    1    2    1    2    3    4    5    4    2
  424    3    3    2    2    3    3    3    3    3
  425    3    3    3    3    5    2    1    3    5
  426    1    2    1    1    5    5    3    4    4
  428    2    2    2    2    6    6    1    6    6
  430    4    3    2    3    3    3    3    5    5
  431    2    2    2    2    6    5    5    5    5
  432    1    2    1    2    1    1    1    6    6
  433    3    3    3    3    6    6    4    6    5
  435    3    6    2    2    6    6    6    6    6
  436    5    5    5    5    4    4    4    3    3
  437    3    3    3    3    2    4    1    2    3
  438    1    1    2    2    3    2    2    2    2
  439    1    1    1    1    4    4    3    4    4
  440    3    3    3    3    4    3    2    2    3
  442    1    1    1    1    5    3    6    6    6
  444    3    4    1    1    1    2    3    3    3
  445    4    4    4    4   99    1    1    1    1
  446    1    1    1    1    6    2    1    3    3
  447    3    3    2    2    6    6    6    3    6
  448    1   99    1    1   99    6   99    6    6
  450    6    6    6    6    4    2    1    2    1
  451    1    1    1    1    3    3    4    3    2
  452    2    2    2    2    3    3    3    6    4
  453    1    1    1    1    3    2    1    3    2
  455    3    3    4    4    4    3    2    4    5
  456    2    2    2    2    5    6    4    4    3
  457    4    4    2    2    3    3    3    2    4
  458    1    1    1    1    4    5    5    4    4
  459    1    1    1    1    1    1    1    3    2
  460    3    3    2    2    6    6    2    6    4
  461    1    1    1    1   99    1   99    6    5
  462    3    2    3    3    6    6    5    6    3
  463    2    3    2    2    6    3    1    4    2
  464    3    3    3    3   99   99   99    5    5
  465    2    2    2    1    5    5    2    2    3
  466    2    2    3    3    2    1    1    1    3
  467   99   99   99   99   99    4   99   99    3
  468    1    1    1    1    6    6    6    6    6
  469    3    4    3    3    2    3    3    3    4
  472    5    4    3    4    3    3    3    3    3
  473    2    2    2    2    5    5   99    5    2
  474    2    2    2    2    1   99   99   99   99
  476    3    3    3    3    6    6    6    6    6
  477    2    2    2    2    4    4    2    4    4
  478    4    4    4    4    6    6    4    6    6
  480    4    4    4    4    5    6    4    5    5
  481    1    1    1    1    3    3    1    3    3
  482    6    6    6    6    4    6    2    6    6
  483    2    2    2    2    4    4    2    2    2
  484    3    3    3    3    2    5    1    3    3
  485    2    2    2    2    4    4    4    4    5
  486    1    1    1    1    3    3    3    3    3
  487    3    3    3    3    5    5    2    4    4
  488    4    6    2    2    5    5    6    5    5
  499    5    5    5    5    6    6    6    5    5
  500    3    3    3    3    6    6    3    6    4
  501    6    6    6    6    4    4    4    4    4
  502    3    3    1    2    6    6    6    6    5
  503    2    2    2    2    1    1    1    2    2
  504    1    2    2    2    6    6    6    6    6
  505    1    2    2    2    6    6    6    6    6
  506   99   99   99   99   99   99   99   99   99
  507    1    2    2    2    3    6    3    6    4
  508    1    1    1    1   99   99   99    1   99
  509    2    2    2    2   99   99   99   99   99
  510    2    3    3    3    5    6    5    5    4
  511    3    1    1    2    6    6    6    4    5
  512    2    2    3    3    1    2    1    2    3
  513    1    1    1    1    3    3    1    2    1
  514    1    1    1    1    2    1    1    2    3
  516    3    4    2    4    6    6    3    6    6
  517    2    3    3    3    4    4    1    4    3
  518    3    2    3    3    6    6    3    6    6
  520    2    2    1    2    6    6    6    6    6
  521    2    2    2    2    2    3    3    6    6
  522    4    4    4    4    4    4    3    4    4
  523    1    2    1    1    2    2    1    2    2
  524    4    2    3    3    6    6    3    6    3
  525    3    3    3    3    6    6    4    5    6
  526    6    6    6    6    6    6    6    6    6
  527    1    1    1    1    4    4    2    6    4
  529    1    1    1    1    1    1   99    5    2
  530    2    2    2    2    4    3    3    3    3
  531    2    2    2    2    6    6    4    5    5
  532    2    3    2    2    6    6    6    6    6
  533    1    1    1    1    3    3    3    3    3
  534    1    1    1    1    3    4    4    5    6
  535    1    2    1    2    4    4    1    3    3
  536    3    3    3    3    4    4    4    4    4
  537    1    2    1    1    6    6    1    6    6
  538   99   99   99   99    6    4    1    6    5
  539    1    2    2    2    3    2    2    3    3
  540    4    4    4    4    5    5    3    4    4
  541    4    4    3    3    5    5    5    5    5
  542    1    2    2    1    5    5    5    5    2
  543    3    3    2    3    6    6    6    6    6
  544    4    5    4    5    5    4    2    4    5
  545    3    3    3    3    4    4    3    4    4
  546    6    6    6    6    6    6    6    6    5
  547    4    4    4    4    6    6    5    6    4
  548    5    5    4    4    4    4    2    4    4
  549    3    3    2    2    2    2    2    3    3
  550    3    3    3    3    4    4    4    4    4
  551    1    2    1    2    5    5    5    5    4
  553    2    2    2    2    4    5    3    5    5
  554    4    5    5    5    4    2    3    6    5
  557    2    4    2    2    6    6    6    6    5
  558    2    2    2    2    2    2    2    3    2
  559    2    2    2    2    3    3    3    3    3
  561    2    2    2    2    6    6    6    6    6
  562    2    2    2    2    6    6    6    6    5
  563    2    2    1    2    1    1    2    2    2
  564    2    5    3    3    5    6    3    6    4
  566    2    2    2    2    2    2    2    2    4
  567    2    2    1    1    4    4    2    4    4
  568    4    3    3    3    3    3    3    3    2
  569    1    1    1    2    6    3    1    6    6
  570    4    4    2    3    6    6    6    6    5
  571    4    4    4    4    3    4    3    3    3
  572    4    4    4    4    6    4    4    5    5
  573    1    1    1    2    3    3    2    3    3
  574    3    2    2    2    3    3    3    3    3
  576    3    2    2    2    3    1    1    1    1
  577    1    1    1    1    6    5    3    5    5
  578    3    3    2    2    6    4    4    5    4
  580    2    2    1    2    3    1    2    2    3
  581    2    3    2    3    5    5    5    5    5
  584    2    2    1    1    4    4    5    4    4
  589    2    2    2    2    6    6    5    5    3
  590    1    2    1    1    3    5    5    3    4
  591    3    3    3    2    6    6    6    6    3
  592    3    3    2    3    6    6    3    5    4
  593    1    1    1    1    6    4    4    4    3
  594    2    2    2    2    5    5    6    5    5
  595    3    3    2    2    4    5    4    4    4
  596    3    2    2    2    5    4    3    3    3
  597    1    1    1    1    4    4    4    6    6
  598    1    2    1    3    6    6    6    5    6
  601    3    1    2    2    6    6    6    6    6
  603    2    2    2    2    4    6    4    4    3
  604    4    3    4    4    5    3    3    6    3
  606    2    2    1    1    4    6    1    5    6
  607    2    2    2    2    5    6    2    4    4
  610    4    4    3    3    4    4    3    3    4
  611    1    2    1    1   99   99   99   99   99
  613    3    2    2    2    5    5    4    5    5
  615    1    1    1    1    3    4    2    3    3
  616    6    6    6    6    3    3    3    3    3
  619    4    4    3    3    4    4    4    4    4
  620    4    2    3    3    4    3    3    3    3
  623    4    4    2    2    4    5    5    4    4
  624    4    4    5    5    5    5    5    5    5
  625    1    1    1    1    3    6    1    2    3
  626    1    1    1    1    6    6    4    6    4
  627    2    2    2    2    5    5    3    4    4
  628    2    4    4    4    6    6    6    5    6
  629    2    2    2    2    2    3    3    3    3
  631    3    3    1    1    4    6    5    5    5
  634    3    3    3    3    6    6    6    6    6
  637    3    3    3    3    2    4    4    3    3
  640    4    2    2    2    5    5    3    4    5
  641    6    6    6    6    6    6    6    6    6
  642    2    1    2    1    6    4    6    6    4
  644    6    6    6    6    6   99   99    6    5
  645    3    2    2    2    3    3    4    3    3
  646    3    4    2    3    3    4    2    3    4
  647    3    4    3    3    6    5    5    5    5
  648    1    1    1    2    3    3    3    5    5
  649    2    2    2    2    6    4    3    5    4
  650    2    2    4    2    6    4    3    5    3
  651    2    3    2    2    3    3    2    3    4
  652    1    2    2    2    4    2    2    3    2
  653    1    1    1    1    5    5    3    4    5
  654    3    3    4    4    3    2    2    3    3
  657    1    1    1    1    6    6    1    6    6
  658    2    1    1    2    5    3    1    3    2
  659    6    6    1    1    1    1    1    1    1
  660    2    2    1    2    6    6    6    6    6
  661    3    2    3    2    2    2    3    2    2
  662    5    5    3    3    4    6    5    5    5
  663    3    3    3    3    5    6    5    6    6
  664    2    2    2    3    2    2    2    3    2
  665    1    3    3    3    6    5    2    3    3
  666    1    2    3    2    4    4    3    3    4
  667    4    4    4    4    5    4    4    5    5
  668    1    1    1    1    5    2    3    4    4
  669    1    3    1    3    3    3    3    6    5
  670    1    1    1    1    4    5    3    5    5
  671    2    3    3    3    6    6    6    6    6
  672    3    3    3    3    6    6    6    6    6
  673    4    4    4    4    2    3    1    3    2
  674    1    1    1    1    3    3    1    2    3
  675    3    3   99    3    3    3    1    2    3
  677    1    2    3    2    4    4    4    4    4
  678    3    3    3    5    3    3    1    2    4
  679    2    2    2    2    1    1    1    1    1
  680   99   99   99   99   99   99   99    6    6
  681    1    2    2    3    6    6    6    6    6
  683   99   99   99   99    2    2    2    1    1
  684    1    1    1    1    6    6    3    6    4
  685    4    3    3    3    5    3    2    3    4
  686    2    3    2    3    6    6    3    6    6
  687    3    3    3    3    3    3    3    3    3
  688    2    2    2    2    2    2    2    2    2
  689    2    2    2    2    3    3    3    4    3
  690    6    1    1    1    1    1    1    1    1
  692    3    3    2    3    6    5    4    6    5
  694    3    3    3    3    2    3    1    2    3
  695    2    3    2    2    5    5    6    5    5
  696    2    2    2    2    5    4    3    4    4
  697    4    4   99   99    3    3    3   99    3
  698    2    1    1    1    3    2    2   99    3
  699    2    2    2    2    4    5    4    5    5
  700    1    1    1    1   99   99   99    2    1
  701    1    1    1    1    1    1    1    1    1
  702    2    2    2    2    4    2    2    2    2
  703    3    3    3    3    3    3    3    3    3
  704    3    3    3    3    4    5    5    6    5
  705    1    1    1    2    2    1    2    1    3
  707    1    2    5    5    5    3    2    3    5
  708    3    3    5    2    5    5    3    5    5
  709    2    2    1    2    2    2    2    1    1
  710    1    3    1    1    6    6    4    4    4
  711    1    1    1    1    3   99   99    3   99
  712   99   99   99   99   99   99   99    6    6
  713    3    3    1    3    6    6    6    6    6
  714    3    3    3    3    6    6    4    6    6
  715    3    3    1    2    5    6    6    6    5
  716    2    1    1    2    6    6    3    2    2
  718    3    3    3    3    3    4    3    4    4
  719    6    5    5    5    5    5    1    5    5
  720    3    1    1    1    6    6    1    4    3
  721    1    2    3    2    2    2    2    2    3
  722   99   99   99   99   99   99   99    6    5
  723    1    1    1    1    5    5    5    6    5
  724    1    1    1    1    4    2    6    3    1
  725    4    4    4    4    3    3    2    3    2
  726    6    6    6    6    6    4    3    2    2
  727    3    2    2    2    3    4    3    4    4
  729    2    1    1    1    3    6    3    4    3
  730    4    4    5    5    3    4    4    4    2
  731    4    4    3    4    3    4    2    3    3
  732    3    4    3    3    3    3    4    3    5
  751    2    2    2    2    4    4    5    5    4
  752    3    3    1    3    6    6    3    6    4
  753    3    3    2    3    6    6    3    5    5
  754    2    2    2    2    2    6    6    6    6
  755    3    3    3    3    6    6    3    4    5
  757    4    4    3    3    5    6    5    5    5
  758    2    2    2    2    6    6    6    6    6
  759    4    4    2    3    5   99    6    6    5
  760    4    4    3    3    5    5    5    4    4
  761    3    3    2    2    6    6    3    6    6
  762    2    2    2    2    5    5    6    6    4
  764    2    3    3    3    3    4    2    6    4
  765    6    6    6    6    6    6    6    6    5
  766    3    1    1    1    3    3    2    2    1
  767    4    4    4    4    4    5    3    4    4
  768    1    1    1    1    1    1    1    2    2
  769    4    4    3    2    4    4    1    3    3
  770    5    5    5    5    4    4    3    4    4
  771    1    2    1    1    6    6    6    6    5
  772    1    2    1    1    6    6    6    6    6
  774    2    2    2    2    4    3    1    4    3
  775    3    2    2    2    6    6    4    6    5
  776    2    3    2    2    5    5    3    4    2
  777    2   99    1    1   99    1   99    6    6
  778    3    3    3    2    5    4    3    4    4
  779    3    3    3    3    2    1    1    2    2
  781    1    3    3    3    3    3    1    3    2
  782    2    1    1    1    3    2    2    3    3
  783    3    6    1    3    1    1    1    1    1
  784    4    5    4    5    5    6    1    5    4
  786    2    2    2    2    3    3    3    3    3
  788    1    1    1    1   99   99   99    3    3
  789    4    2    2    2    6    6    6    6    6
  791    2    3    3    3    4    3    2    4    4
  792    2    2    2    2    2    4    3    2    3
  793    3    3   99   99   99   99   99    1    3
  794    2    3    2    2    5    4    2    4    4
  796    4    5    4   99   99    3    3    5    5
  797    3    5    1    2   99    5   99    6    6
  798    1    1    1    1    6    6    5    6    6
  799    2    5    1    2    2    4    6    2    3
  800    5    5    2    2    6    6    5    6    5
  801    6    6    6    6    6    6    6    6    6
  802    3    2    3    2    6    6    2    4    4
  803    4    4    2    2    6    6    3    6    6
  805    2    2    2    2    2    1    1    2    2
  807    1    1    1    1   99    6   99    1    1
  809    1    1    1    1    6    6    6    6    6
  810    3    3    3    3    3    4    3    6    6
  811    2    2    2    2    4    4    4    4    3
  812    2    1    1    1    1    2    2    2    2
  813    4    3    3    3    6    6    3    6    6
  815    2    2    2    2    6    5    5    5    5
  816    3    3    3    3    5    4    3    5    4
  817    2    4    3    3    5    5    5    5    5
  818    4    4    4    4    3    3    2    2    3
  819    1    1    1    1    3    3    4    3    4
  820    3    3    3    3    2    2    2    2    2
  821    3    1    1    1    1    1    1    1    1
  822    5    5    3    5    1    1    1    1    3
  823    4    4   99   99    6    6    6    6    6
  824   99   99   99   99   99   99   99   99   99
  825    3    2    2    2    3    3    2    4    4
  826    3    3    2    2    4    4    2    6    6
  827    1    1    1    1    6    6    3    6    6
  828    2    2    2    2    6    6    6    6    6
  829    1    1    1    2    3    3    3    3    3
  830    3    3    3    3    6    6    6    6    6
  833   99   99   99   99   99   99   99    4    3
  835    2    3    2    2    3    2    4    3    3
  836    3    3    3   99    3   99   99    3    3
  837    3    3    3    3    6    6    1    6    6
  838    4    4    4   99    4    4   99   99   99
  839    1    1    1    1    2    2    2    2    2
  840   99    3   99    1   99    3    3    3    4
  841    3    3    3    3    1    3   99   99   99
  842    1    1    1    1    3    3    3    6    6
  844    3    1    1    1    6    6    6    6    6
  845    4    3    3    3    5   99   99    5    5
  846    3    4    4    4    4    3    1    3    3
  847    2    2    2    2    3    1    2    2    3
  848    2    2    2    2    6    6    6    6    5
  851   99    1    1    1    3    3   99    5    5
  852    1    1    1    1    5    4    1    4    4
  853   99   99   99   99   99   99   99   99   99
  854    1    1    1    1    1    1    1   99    4
  855    2    4    1    4    1    1    1    1    1
  856    6    6    6    6    1    1    1    1    1
  857   99   99   99   99   99   99   99   99   99
  858    4    1    5   99    1   99   99    5    6
  859    4    4    1   99   99   99   99   99   99
  860   99   99   99   99   99   99   99   99   99
  861    4    4    4    4    6    6    5    6    6
  862    2    2    1    1    2    2    1    3    3
  863    5    5    4    4    2    6    6    6    3
  864    1    1    1    1    2    2    1    2    2
  865    3    1    2    1    2    2    2    3    2
  866    4    4    3    3    6    6    3    5    4
  867    2    2    2    2    3    4    4    4    3
  868    3    3    3    3    5    4    2    5    5
  870   99    3    2    1   99    6   99    4   99
  871    2    1    1    1    5    5    1    6    6
  872    4    4    4    4    5    5    5    5    6
  873    4    4    4    4    5    5    5    5    6
  874    3    2    2    2    2    3    1    3    2
  875    1    1    3    1    6    6    2    5    5
  876    1    3    1    2    2    2    2    3    3
  877    3    3    3    3    6    6    3    6    6
  878    4    4    3    4    6    6    3    6    6
  879    4    5    4    5    4    4    4    4    4
  880    6    5    1    1    1    1    1    6    6
  881    2    3    2    2    3    3    4    3    3
  882    1    2    2    2    6    6    3    6    6
  883    4    4    3    3    4    3    1    3    4
  884    3    3    3    3    3    3    3    3    3
  885    1    3    3    3    6    6    6    6    6
  886    1    1    1    1    6    6    2    6    6
  887    2    1    1    3    1    1    1    1    1
  888    1    1    1    1    6    6    6    6    6
  889    3    3    3    3    6    6    4    6    6
  890    1    1    1    1    3    3    1    2    2
  891    6    5    3    3    3    3    4    3    3
  892    4    4    4    4    4    3    2    3    4
  894    2    2    3    2    3    2    4    3    3
  895    4    4    3    3    3    3    3    3    3
  896    1    2    1    2    2    2    4    2    3
  897    6    6    6    6    6    6    6    6    6
  898    3    2    2    2    4    5    5    5    4
  900    3    3    3    3    6    5    1    4    4
  901    4    5    5    4    4    6    2    5    5
  902    5    5    5    5    3    2    1    2    3
  903    3    3    2    2    2    2    3    3    3
  906    2    2    2    2    5    4    1    5    5
  950    5    4    4    5    6    5    6    4    5
  951    3    2    2    2    4    4    4    4    4
  953    4    3    1    2    6    6    6    6    6
  954    3    2    2    3    5    4    5    5    4
  955    5    4    3    4    3    3    3    3    3
  956    6    5    5    5    6    3    1    4    4
  957    2    3    3    3    5    5    5    6    6
  958    5    6    5    5    6    6    3    3    4
  960    3    3    1    2    5    6    4    6    6
  961    1    1    1    1    6    6    6    6    6
  962    2    3    3    2    5    5    2    4    4
  963    2    2    2    2    6    3    3    3    5
  964    3    2    2    2    5    5    5    5    5
  965    3    3    3    3    6    6    5    6    6
 1000    1    3    3    3    3    1    5    6    5
 1001    2    2    2    1    1    1    1    1    3
 1002    4    5    3    4   99    4    3    4    4
 1003    1    1    1    1    6    3    6    4    4
 1004    2    4    4    4    6    6    3    6    5
 1005    1    3    1    1    4    4    5    6    5
 1006    4    3    3    3    5    5    5    6    6
 1007   99   99   99   99   99   99   99    4    4
 1008    3    4    3    3    6    6    6    6    6
 1009    1    6    2    6    6    6    1    6    6
 1010    3    3    3    3    3    2    1    3    3
 1011    3    3    1    3    6    6    1    6    5
 1012    1    2    2    2    2    3    4    4    3
 1020    3    3    3    3    6    6    6    6    6
 1022    1    1    1    1    6    6    6    6   99
 1023    2    1    2    1    5    4    3    4    4
 1024    2    2    2    3    3    3    2    4    4
 1026    3    3    1    3    3    3    1    3    3
 1027    3    5    1    3   99    1   99    6    5
 1028    3    3    4    4    2    2    2    3    3
 1029    5    5    4    4    4    3    3    4    5
 1030    1    2    2    2    6    4    1    3    6
 1031    3    2    3    3    4    3    3    3    3
 1032    2    2    1    1    4    3    2    5    5
 1033    3    4    3    4    5    2    2    4    4
 1034    5    5    4    5    6    6    4    4    5
 1035    1    3    2    2    2    2    2    3    4
 1037    3    3    3    3    5    6    6    5    5
 1038    1    2    2    2    6    6    6    6    6
 1040    4    6    4    4    4    3    2    3    3
 1072    2    2    2    2    3    5    3    3    3
 1073    1    2    1    2    6    6    5    6    5
 1074    2    2    1    2    4    4    4    4    5
 1075    3    1    1    3    1    1   99   99   99
 1076    3    3    3    3    5    4    3    5    5
 1078    4    4    4    4    5    5    3    4    4
 1079    3    1    3    3    6    6    6    6    6
 1080    2    2    2    2    5    5    5    5    5
 1081    2    2    2    2    3    1    1    2    2
 1082   99   99   99   99   99   99   99    6    6
 1083    1    1    1    1    4    3    3    1    1
 1084    3    3    2    2    1    1    1    1    1
 1085    4    3    3    2    2    2    2    3    2
 1087    1    1    1    1    4    1    1    2    3
 1088    2    2    2    2    5    5    3    5    3
 1089    1    1    2    2    1    2    1    3    2
 1090    2   99    1    1   99   99   99    1    1
 1091    4    4    4    4    3    3    2    3    3
 1092    3    3    2    2    6    6    6    6    6
 1093    4    4    3    3    3    2    1    3    3
 1094    1    1    1    1    1    1    1   99   99
 1095    2    2    2    2    6    6    3    6    4
 1096    3    3    2    2    4    6    3    5    3
 1097    4    4    3    4    2    2    2    2    2
 1098    2    2    2    2    4    3    3    3    3
