    1.634906     0.781570    -0.295014     0.379390
    1.456787     0.992118     0.212193     0.983427
    2.401359     1.801182     0.211360     0.446577
   -1.219046    -0.545608     0.063818    -1.034574
   -0.183119    -0.572628    -0.468593    -0.518901
   -0.039060     0.863522     0.101906    -0.199307
    0.802837     1.162357     0.940672     1.750805
    0.034201     0.077266     0.415823    -0.240967
    3.295399     3.090385     1.824236     0.983019
    4.076868     3.234890     0.984622     1.571756
    0.443628     0.906247     1.701326    -0.312030
   -2.596312    -0.565003     0.246192    -0.932234
   -3.258407    -3.585427    -1.947373    -2.591184
   -2.440513    -2.383728    -0.302019    -1.449085
   -0.078331    -0.177673    -0.537806    -0.326954
   -2.343893    -1.516240    -0.213641    -1.012113
   -0.497625    -0.195435     0.625024    -0.319303
   -1.414397    -0.821695    -0.778369     0.037109
    2.251469     1.156551     0.351248     1.189749
   -3.919416    -3.433887    -1.016888    -1.896180
   -4.110771    -3.730354    -0.625664    -2.374906
    0.721403     0.868142     1.401997     0.490165
   -1.936711    -2.511002    -0.650098    -0.725454
    2.554294     1.606281     0.269567     1.499352
    0.578685     0.888324    -0.029630     0.284104
   -0.966551    -1.760635    -0.416719    -0.342936
   -2.901751    -3.478388    -0.857093    -1.766062
   -0.732708    -1.156225    -0.853784    -0.136388
    0.642364    -0.314167     0.281095    -1.076474
    1.141547     0.355598    -0.420470     0.808717
    0.749261     1.743669     1.201919    -1.171524
   -0.120931     0.474959     0.230013     0.656586
    0.334804     0.434179     0.464166     0.326980
    4.601019     4.119499     2.325715     0.362537
   -0.958897    -0.448258    -0.834828     0.963997
    1.023396    -0.194359    -0.894526     0.673157
    0.625498    -0.184916     0.627150    -0.503139
    2.638051     1.215301    -0.051390    -0.062405
   -4.664841    -2.127851    -1.603141    -0.620894
   -1.727182    -1.694076     0.545491    -0.490136
    0.606706    -0.180594     0.731255    -0.558082
    2.656849     1.386347     1.022548     0.868191
   -3.265365    -1.952828    -0.745756    -0.550965
   -0.181463    -1.659433     1.318808    -1.532068
    1.351764     1.548532     1.479378     0.638371
    1.969659     1.699252    -0.957657     0.641946
    0.258061    -1.270024    -0.211004    -0.151668
   -2.103584    -2.246552    -0.648573    -2.159804
   -4.332118    -3.980700    -2.281660    -0.638273
   -0.842176    -0.209766     0.106473    -0.249914
    2.450999     1.860029    -0.339855     0.556280
   -1.385893    -2.743508    -0.323994    -0.904618
   -1.605644    -1.133885    -0.743649    -0.423933
    5.683600     4.229622     2.157162     0.264155
    2.060538     1.478345    -0.686601     0.685173
    1.917946     1.025842    -0.423929     0.090993
    2.709680     2.663814     0.935653     0.525338
    1.896194     0.553321     0.564568     0.189731
   -0.014533    -0.016682     0.019406    -0.201368
   -3.758382    -2.897579    -1.896447    -1.319233
   -1.435964    -0.814786    -1.485052    -0.141902
   -0.311949    -1.314549    -0.414824    -0.857889
   -2.604353    -2.360710     0.131553     0.461665
    1.670242     2.004154     0.087458     1.176904
   -2.423601    -2.706686    -0.500721    -1.427369
    0.304280    -0.355235    -0.170761     0.531239
    2.758249     2.165822     1.477786     0.486288
    2.198994     1.392950     1.088668    -0.419278
   -2.671958    -1.202518    -1.417266    -0.037436
    4.550208     3.634852     1.488932     1.771084
    0.367827    -0.063558    -0.340269     0.494124
   -0.351717    -0.270707    -0.045883    -0.835227
    0.448095    -1.980759    -0.881503    -1.476003
   -2.584959    -1.603324    -0.533010    -0.632805
    3.279742     3.686092     1.051279     1.605882
    1.659338     2.139862     0.720698    -0.013708
   -0.726415    -1.154010    -1.434244    -0.061487
   -0.281769     0.699367    -1.120085     0.420788
    0.896938     1.326693     0.321484     0.849484
   -0.488154    -0.141433     0.801482    -1.498434
   -1.819425    -0.673239     0.578017     1.027195
    2.798690     0.917394     0.509695     1.378155
    0.184745    -0.502476    -0.593207    -0.952016
    0.844202     1.423393     0.094360     1.162564
    2.175203     2.271402     1.512336    -0.001479
    1.291029     2.388427     0.893132     0.540945
   -1.102897    -1.151866    -0.470164     0.445423
    0.310465     0.625370    -0.610036    -0.352559
   -0.291007    -1.350516    -0.004800     0.457093
   -5.849882    -5.426618    -2.200756    -3.024338
    0.938157     1.653158    -0.101086     1.575310
    2.150747     2.267164     0.630964     1.242686
    2.938844     1.674603     0.428304     1.938151
   -0.815418    -0.742959    -0.006491    -0.669625
   -2.604049    -3.365569    -1.288865    -1.231193
   -0.667805    -1.469094    -1.642297    -0.260511
   -1.005101    -1.590108    -1.047808    -1.748038
   -1.233549     0.322008    -0.365226     0.799611
    1.030854     1.749108     1.015510    -0.136077
   -0.717171    -0.097062    -0.592389     0.233707
    0.089222     0.200852    -0.866643     1.397512
    2.276127     1.671071    -0.046383     1.051130
   -0.092190    -0.750647     0.328587    -2.223972
    5.142197     3.917814     1.202106     1.068527
    3.072038     2.501078     0.149929     1.580147
    2.389149     1.430956     1.012053     1.177318
    3.198641     3.275092     1.928747     0.616797
    1.990659     0.789770    -0.164849     0.805466
   -2.444440    -0.280215     0.059180    -0.838038
   -2.341552    -2.299388    -0.100084    -1.231026
    1.840091     0.572955     0.799463    -0.326751
    1.831628     3.392272     0.837156     1.641651
   -3.617323    -3.874003    -0.702957    -2.013230
   -0.205273    -1.458512    -0.315032    -0.108696
    2.235884     2.037077     0.673520    -0.439919
    0.133073     0.174844     0.504536     0.250142
    2.505918     2.298363     1.939046     1.202547
   -4.881820    -4.264688    -1.051121    -1.338309
    1.119157     0.744007     0.831909     0.131606
   -4.534895    -4.432330    -2.397292    -1.172319
   -1.397906    -0.839284    -0.576947     0.615131
    1.309021     0.349910     0.300054     0.169273
    0.364916     0.281225    -1.329482     0.685377
    1.685449     0.582963    -0.847541     0.402355
    2.077020     2.667123     0.961692     1.111218
   -1.354934    -2.417006    -0.535598    -0.701036
    2.316307     1.047549    -0.507172     1.179969
   -0.242975    -0.238469    -0.211977     0.232698
   -3.081645    -1.819662     0.199854    -0.551095
   -2.120528    -1.791372     1.457754    -1.387403
   -4.852133    -4.480273    -2.382554    -1.162587
   -1.616405    -0.429190     0.852997    -0.900223
    2.717407     1.274899    -0.409450     1.063323
   -0.463276    -1.148178    -0.396284    -0.112723
    0.391628    -0.453291    -0.211423     0.193222
    0.095007     0.201934    -0.011000     0.483507
   -0.161590    -0.064733    -0.497375    -0.821842
    3.087270     2.397453     1.687882     1.413304
   -1.628529    -1.738422    -0.409637    -0.966583
    0.924161     0.059387    -1.001176    -0.344960
    0.149588    -1.072844     0.157726    -1.128129
   -0.471348     0.165567     0.150652     0.096924
    1.862202     2.268122     0.684154     0.595817
    0.403692     0.129968     1.133411    -0.185724
   -0.087704     0.286790     1.084961    -0.261309
    0.232825     0.118722    -0.387830     0.792400
   -2.579444    -3.897897    -1.582629    -1.248321
    2.425190     2.067131     1.324366     0.250807
    0.192009     0.612647     0.178560    -0.241027
    1.519645     1.945624     0.357069     1.684152
   -0.230185    -0.574783     0.261505     0.034986
   -0.672032    -1.672697    -1.063670    -1.108048
   -2.454540    -2.885008    -0.096695    -0.893687
   -2.562151    -3.062462    -1.924276    -0.278791
   -1.590360     1.191897     0.017813     0.911707
    1.848568     1.130069     0.223198     1.315614
   -2.677410    -3.735465    -0.881293    -0.714194
   -0.333680     0.227955     0.016423     0.866274
    5.002571     3.755166     1.054183     1.744607
    0.778729     0.454815     0.498642     0.245664
    0.397557    -1.105416     0.708746    -1.424475
    4.570200     3.960781     1.520677     1.470954
    0.166136    -0.389458     1.720297    -0.167152
   -1.963731    -1.238371    -1.118368     0.159458
   -0.426692    -0.176357    -0.058294     0.179998
    2.771177     3.135238     1.135341     0.624476
    4.407603     4.224360     1.303130     2.063972
    2.418022     0.993102     0.858271     0.417135
   -3.075830    -2.131804    -2.015151    -0.156481
   -1.710525    -1.104361    -0.644079     0.033866
   -1.380645    -1.467786    -0.860752    -0.396485
   -1.695755    -1.545023    -0.104050    -1.652062
   -0.692385     0.118873     0.887409     0.782466
   -2.199148    -1.441411    -1.594634    -0.628559
    1.862751     0.914908    -0.179356     0.354716
   -1.808357    -3.279577    -0.742222    -1.391954
   -4.446889    -3.791642    -1.025704    -1.071142
   -0.184552     0.845715    -0.004301     1.121067
    3.732535     3.957127     0.438474     1.471537
    2.026505     1.827002    -0.038507     1.559331
